energy mol_1 = -426.97527513 a.u
       mol_2 = -426.96562449 a.u
       mol_3 = -426.97209529 a.u
       mol_4 = -426.94928395 a.u
       mol_5 = -426.97717353 a.u
       mol_6 = -426.98848309 a.u
       mol_7 = -426.97856332 a.u
       mol_8 = -428.07876120 a.u
       mol_9 = -427.63969232 a.u 
